(kicad_pcb (version 20171130) (host pcbnew "(5.0.2-5)-5")

  (general
    (thickness 1.6)
    (drawings 24)
    (tracks 208)
    (zones 0)
    (modules 21)
    (nets 19)
  )

  (page A4)
  (layers
    (0 F.Cu signal)
    (31 B.Cu signal)
    (32 B.Adhes user)
    (33 F.Adhes user)
    (34 B.Paste user)
    (35 F.Paste user)
    (36 B.SilkS user hide)
    (37 F.SilkS user)
    (38 B.Mask user)
    (39 F.Mask user)
    (40 Dwgs.User user)
    (41 Cmts.User user)
    (42 Eco1.User user)
    (43 Eco2.User user)
    (44 Edge.Cuts user)
    (45 Margin user)
    (46 B.CrtYd user)
    (47 F.CrtYd user hide)
    (48 B.Fab user)
    (49 F.Fab user hide)
  )

  (setup
    (last_trace_width 0.25)
    (trace_clearance 0.2)
    (zone_clearance 0.508)
    (zone_45_only no)
    (trace_min 0.2)
    (segment_width 0.2)
    (edge_width 0.15)
    (via_size 0.8)
    (via_drill 0.4)
    (via_min_size 0.4)
    (via_min_drill 0.3)
    (uvia_size 0.3)
    (uvia_drill 0.1)
    (uvias_allowed no)
    (uvia_min_size 0.2)
    (uvia_min_drill 0.1)
    (pcb_text_width 0.3)
    (pcb_text_size 1.5 1.5)
    (mod_edge_width 0.15)
    (mod_text_size 1 1)
    (mod_text_width 0.15)
    (pad_size 1.524 1.524)
    (pad_drill 0.762)
    (pad_to_mask_clearance 0.051)
    (solder_mask_min_width 0.25)
    (aux_axis_origin 0 0)
    (visible_elements FFFFFF7F)
    (pcbplotparams
      (layerselection 0x010fc_ffffffff)
      (usegerberextensions false)
      (usegerberattributes false)
      (usegerberadvancedattributes false)
      (creategerberjobfile false)
      (excludeedgelayer true)
      (linewidth 0.100000)
      (plotframeref false)
      (viasonmask false)
      (mode 1)
      (useauxorigin false)
      (hpglpennumber 1)
      (hpglpenspeed 20)
      (hpglpendiameter 15.000000)
      (psnegative false)
      (psa4output false)
      (plotreference true)
      (plotvalue true)
      (plotinvisibletext false)
      (padsonsilk false)
      (subtractmaskfromsilk false)
      (outputformat 1)
      (mirror false)
      (drillshape 0)
      (scaleselection 1)
      (outputdirectory "../gerber/"))
  )

  (net 0 "")
  (net 1 +6V)
  (net 2 +5V)
  (net 3 MISO)
  (net 4 SCK)
  (net 5 MOSI)
  (net 6 RST)
  (net 7 MOTOR_IN)
  (net 8 "Net-(C3-Pad2)")
  (net 9 "Net-(C4-Pad2)")
  (net 10 "Net-(D2-Pad2)")
  (net 11 "Net-(D3-Pad1)")
  (net 12 MOTOR_DRY)
  (net 13 "Net-(JP1-Pad2)")
  (net 14 MOTOR_TTL)
  (net 15 GND)
  (net 16 SENSOR_IN)
  (net 17 "Net-(Q1-Pad1)")
  (net 18 "Net-(D1-Pad2)")

  (net_class Default "This is the default net class."
    (clearance 0.2)
    (trace_width 0.25)
    (via_dia 0.8)
    (via_drill 0.4)
    (uvia_dia 0.3)
    (uvia_drill 0.1)
    (add_net MISO)
    (add_net MOSI)
    (add_net MOTOR_DRY)
    (add_net MOTOR_IN)
    (add_net MOTOR_TTL)
    (add_net "Net-(C3-Pad2)")
    (add_net "Net-(C4-Pad2)")
    (add_net "Net-(D2-Pad2)")
    (add_net "Net-(D3-Pad1)")
    (add_net "Net-(JP1-Pad2)")
    (add_net "Net-(Q1-Pad1)")
    (add_net RST)
    (add_net SCK)
    (add_net SENSOR_IN)
  )

  (net_class +5V ""
    (clearance 0.2)
    (trace_width 0.5)
    (via_dia 0.8)
    (via_drill 0.4)
    (uvia_dia 0.3)
    (uvia_drill 0.1)
    (add_net +5V)
    (add_net +6V)
  )

  (net_class GND ""
    (clearance 0.2)
    (trace_width 0.5)
    (via_dia 0.8)
    (via_drill 0.4)
    (uvia_dia 0.3)
    (uvia_drill 0.1)
    (add_net GND)
    (add_net "Net-(D1-Pad2)")
  )

  (module Diode_SMD:D_SMA (layer F.Cu) (tedit 5D403B60) (tstamp 5D49EE98)
    (at 167.132 114.046 270)
    (descr "Diode SMA (DO-214AC)")
    (tags "Diode SMA (DO-214AC)")
    (path /5CFFD5FF)
    (attr smd)
    (fp_text reference D1 (at -4.318 0) (layer F.SilkS)
      (effects (font (size 0.6 0.6) (thickness 0.1)))
    )
    (fp_text value D (at 0 2.6 270) (layer F.Fab)
      (effects (font (size 1 1) (thickness 0.15)))
    )
    (fp_line (start -3.4 -1.65) (end 2 -1.65) (layer F.SilkS) (width 0.12))
    (fp_line (start -3.4 1.65) (end 2 1.65) (layer F.SilkS) (width 0.12))
    (fp_line (start -0.64944 0.00102) (end 0.50118 -0.79908) (layer F.Fab) (width 0.1))
    (fp_line (start -0.64944 0.00102) (end 0.50118 0.75032) (layer F.Fab) (width 0.1))
    (fp_line (start 0.50118 0.75032) (end 0.50118 -0.79908) (layer F.Fab) (width 0.1))
    (fp_line (start -0.64944 -0.79908) (end -0.64944 0.80112) (layer F.Fab) (width 0.1))
    (fp_line (start 0.50118 0.00102) (end 1.4994 0.00102) (layer F.Fab) (width 0.1))
    (fp_line (start -0.64944 0.00102) (end -1.55114 0.00102) (layer F.Fab) (width 0.1))
    (fp_line (start -3.5 1.75) (end -3.5 -1.75) (layer F.CrtYd) (width 0.05))
    (fp_line (start 3.5 1.75) (end -3.5 1.75) (layer F.CrtYd) (width 0.05))
    (fp_line (start 3.5 -1.75) (end 3.5 1.75) (layer F.CrtYd) (width 0.05))
    (fp_line (start -3.5 -1.75) (end 3.5 -1.75) (layer F.CrtYd) (width 0.05))
    (fp_line (start 2.3 -1.5) (end -2.3 -1.5) (layer F.Fab) (width 0.1))
    (fp_line (start 2.3 -1.5) (end 2.3 1.5) (layer F.Fab) (width 0.1))
    (fp_line (start -2.3 1.5) (end -2.3 -1.5) (layer F.Fab) (width 0.1))
    (fp_line (start 2.3 1.5) (end -2.3 1.5) (layer F.Fab) (width 0.1))
    (fp_line (start -3.4 -1.65) (end -3.4 1.65) (layer F.SilkS) (width 0.12))
    (fp_text user %R (at 0 -2.5 270) (layer F.Fab)
      (effects (font (size 1 1) (thickness 0.15)))
    )
    (pad 2 smd rect (at 2 0 270) (size 2.5 1.8) (layers F.Cu F.Paste F.Mask)
      (net 18 "Net-(D1-Pad2)"))
    (pad 1 smd rect (at -2 0 270) (size 2.5 1.8) (layers F.Cu F.Paste F.Mask)
      (net 2 +5V))
    (model ${KISYS3DMOD}/Diode_SMD.3dshapes/D_SMA.wrl
      (at (xyz 0 0 0))
      (scale (xyz 1 1 1))
      (rotate (xyz 0 0 0))
    )
  )

  (module Crystal:Crystal_HC49-4H_Vertical (layer F.Cu) (tedit 5A1AD3B7) (tstamp 5D0094ED)
    (at 146.685 126.365)
    (descr "Crystal THT HC-49-4H http://5hertz.com/pdfs/04404_D.pdf")
    (tags "THT crystalHC-49-4H")
    (path /5CFFD27E)
    (fp_text reference Y1 (at 2.54 1.27) (layer F.SilkS)
      (effects (font (size 1 1) (thickness 0.15)))
    )
    (fp_text value Crystal_Small (at 2.44 3.525) (layer F.Fab)
      (effects (font (size 1 1) (thickness 0.15)))
    )
    (fp_text user %R (at 2.44 0) (layer F.Fab)
      (effects (font (size 1 1) (thickness 0.15)))
    )
    (fp_line (start -0.76 -2.325) (end 5.64 -2.325) (layer F.Fab) (width 0.1))
    (fp_line (start -0.76 2.325) (end 5.64 2.325) (layer F.Fab) (width 0.1))
    (fp_line (start -0.56 -2) (end 5.44 -2) (layer F.Fab) (width 0.1))
    (fp_line (start -0.56 2) (end 5.44 2) (layer F.Fab) (width 0.1))
    (fp_line (start -0.76 -2.525) (end 5.64 -2.525) (layer F.SilkS) (width 0.12))
    (fp_line (start -0.76 2.525) (end 5.64 2.525) (layer F.SilkS) (width 0.12))
    (fp_line (start -3.6 -2.8) (end -3.6 2.8) (layer F.CrtYd) (width 0.05))
    (fp_line (start -3.6 2.8) (end 8.5 2.8) (layer F.CrtYd) (width 0.05))
    (fp_line (start 8.5 2.8) (end 8.5 -2.8) (layer F.CrtYd) (width 0.05))
    (fp_line (start 8.5 -2.8) (end -3.6 -2.8) (layer F.CrtYd) (width 0.05))
    (fp_arc (start -0.76 0) (end -0.76 -2.325) (angle -180) (layer F.Fab) (width 0.1))
    (fp_arc (start 5.64 0) (end 5.64 -2.325) (angle 180) (layer F.Fab) (width 0.1))
    (fp_arc (start -0.56 0) (end -0.56 -2) (angle -180) (layer F.Fab) (width 0.1))
    (fp_arc (start 5.44 0) (end 5.44 -2) (angle 180) (layer F.Fab) (width 0.1))
    (fp_arc (start -0.76 0) (end -0.76 -2.525) (angle -180) (layer F.SilkS) (width 0.12))
    (fp_arc (start 5.64 0) (end 5.64 -2.525) (angle 180) (layer F.SilkS) (width 0.12))
    (pad 1 thru_hole circle (at 0 0) (size 1.5 1.5) (drill 0.8) (layers *.Cu *.Mask)
      (net 8 "Net-(C3-Pad2)"))
    (pad 2 thru_hole circle (at 4.88 0) (size 1.5 1.5) (drill 0.8) (layers *.Cu *.Mask)
      (net 9 "Net-(C4-Pad2)"))
    (model ${KISYS3DMOD}/Crystal.3dshapes/Crystal_HC49-4H_Vertical.wrl
      (at (xyz 0 0 0))
      (scale (xyz 1 1 1))
      (rotate (xyz 0 0 0))
    )
  )

  (module Capacitor_SMD:C_0805_2012Metric_Pad1.15x1.40mm_HandSolder (layer F.Cu) (tedit 5D2082C7) (tstamp 5D001596)
    (at 156.845 127.635 180)
    (descr "Capacitor SMD 0805 (2012 Metric), square (rectangular) end terminal, IPC_7351 nominal with elongated pad for handsoldering. (Body size source: https://docs.google.com/spreadsheets/d/1BsfQQcO9C6DZCsRaXUlFlo91Tg2WpOkGARC1WS5S8t0/edit?usp=sharing), generated with kicad-footprint-generator")
    (tags "capacitor handsolder")
    (path /5CFFD893)
    (attr smd)
    (fp_text reference C1 (at -1.778 1.27 180) (layer F.SilkS)
      (effects (font (size 0.6 0.6) (thickness 0.1)))
    )
    (fp_text value 1µF (at -2.794 -0.762 180) (layer F.SilkS)
      (effects (font (size 0.6 0.6) (thickness 0.1)))
    )
    (fp_text user %R (at 0 0 180) (layer F.Fab)
      (effects (font (size 0.5 0.5) (thickness 0.08)))
    )
    (fp_line (start 1.85 0.95) (end -1.85 0.95) (layer F.CrtYd) (width 0.05))
    (fp_line (start 1.85 -0.95) (end 1.85 0.95) (layer F.CrtYd) (width 0.05))
    (fp_line (start -1.85 -0.95) (end 1.85 -0.95) (layer F.CrtYd) (width 0.05))
    (fp_line (start -1.85 0.95) (end -1.85 -0.95) (layer F.CrtYd) (width 0.05))
    (fp_line (start -0.261252 0.71) (end 0.261252 0.71) (layer F.SilkS) (width 0.12))
    (fp_line (start -0.261252 -0.71) (end 0.261252 -0.71) (layer F.SilkS) (width 0.12))
    (fp_line (start 1 0.6) (end -1 0.6) (layer F.Fab) (width 0.1))
    (fp_line (start 1 -0.6) (end 1 0.6) (layer F.Fab) (width 0.1))
    (fp_line (start -1 -0.6) (end 1 -0.6) (layer F.Fab) (width 0.1))
    (fp_line (start -1 0.6) (end -1 -0.6) (layer F.Fab) (width 0.1))
    (pad 2 smd roundrect (at 1.025 0 180) (size 1.15 1.4) (layers F.Cu F.Paste F.Mask) (roundrect_rratio 0.217391)
      (net 15 GND))
    (pad 1 smd roundrect (at -1.025 0 180) (size 1.15 1.4) (layers F.Cu F.Paste F.Mask) (roundrect_rratio 0.217391)
      (net 1 +6V))
    (model ${KISYS3DMOD}/Capacitor_SMD.3dshapes/C_0805_2012Metric.wrl
      (at (xyz 0 0 0))
      (scale (xyz 1 1 1))
      (rotate (xyz 0 0 0))
    )
  )

  (module Capacitor_SMD:C_0805_2012Metric_Pad1.15x1.40mm_HandSolder (layer F.Cu) (tedit 5D20828D) (tstamp 5D0015A7)
    (at 156.845 121.285)
    (descr "Capacitor SMD 0805 (2012 Metric), square (rectangular) end terminal, IPC_7351 nominal with elongated pad for handsoldering. (Body size source: https://docs.google.com/spreadsheets/d/1BsfQQcO9C6DZCsRaXUlFlo91Tg2WpOkGARC1WS5S8t0/edit?usp=sharing), generated with kicad-footprint-generator")
    (tags "capacitor handsolder")
    (path /5CFFD839)
    (attr smd)
    (fp_text reference C2 (at -1.397 -1.397) (layer F.SilkS)
      (effects (font (size 0.6 0.6) (thickness 0.1)))
    )
    (fp_text value 1µF (at 0.762 -1.397) (layer F.SilkS)
      (effects (font (size 0.6 0.6) (thickness 0.1)))
    )
    (fp_line (start -1 0.6) (end -1 -0.6) (layer F.Fab) (width 0.1))
    (fp_line (start -1 -0.6) (end 1 -0.6) (layer F.Fab) (width 0.1))
    (fp_line (start 1 -0.6) (end 1 0.6) (layer F.Fab) (width 0.1))
    (fp_line (start 1 0.6) (end -1 0.6) (layer F.Fab) (width 0.1))
    (fp_line (start -0.261252 -0.71) (end 0.261252 -0.71) (layer F.SilkS) (width 0.12))
    (fp_line (start -0.261252 0.71) (end 0.261252 0.71) (layer F.SilkS) (width 0.12))
    (fp_line (start -1.85 0.95) (end -1.85 -0.95) (layer F.CrtYd) (width 0.05))
    (fp_line (start -1.85 -0.95) (end 1.85 -0.95) (layer F.CrtYd) (width 0.05))
    (fp_line (start 1.85 -0.95) (end 1.85 0.95) (layer F.CrtYd) (width 0.05))
    (fp_line (start 1.85 0.95) (end -1.85 0.95) (layer F.CrtYd) (width 0.05))
    (fp_text user %R (at 0 0) (layer F.Fab)
      (effects (font (size 0.5 0.5) (thickness 0.08)))
    )
    (pad 1 smd roundrect (at -1.025 0) (size 1.15 1.4) (layers F.Cu F.Paste F.Mask) (roundrect_rratio 0.217391)
      (net 2 +5V))
    (pad 2 smd roundrect (at 1.025 0) (size 1.15 1.4) (layers F.Cu F.Paste F.Mask) (roundrect_rratio 0.217391)
      (net 15 GND))
    (model ${KISYS3DMOD}/Capacitor_SMD.3dshapes/C_0805_2012Metric.wrl
      (at (xyz 0 0 0))
      (scale (xyz 1 1 1))
      (rotate (xyz 0 0 0))
    )
  )

  (module Resistor_SMD:R_0805_2012Metric_Pad1.15x1.40mm_HandSolder (layer F.Cu) (tedit 5D20840E) (tstamp 5D49F674)
    (at 144.78 111.76 90)
    (descr "Resistor SMD 0805 (2012 Metric), square (rectangular) end terminal, IPC_7351 nominal with elongated pad for handsoldering. (Body size source: https://docs.google.com/spreadsheets/d/1BsfQQcO9C6DZCsRaXUlFlo91Tg2WpOkGARC1WS5S8t0/edit?usp=sharing), generated with kicad-footprint-generator")
    (tags "resistor handsolder")
    (path /5CFFD7B4)
    (attr smd)
    (fp_text reference R1 (at -2.413 -0.635 90) (layer F.SilkS)
      (effects (font (size 0.6 0.6) (thickness 0.1)))
    )
    (fp_text value 1k (at -2.413 0.508 90) (layer F.SilkS)
      (effects (font (size 0.6 0.6) (thickness 0.1)))
    )
    (fp_line (start -1 0.6) (end -1 -0.6) (layer F.Fab) (width 0.1))
    (fp_line (start -1 -0.6) (end 1 -0.6) (layer F.Fab) (width 0.1))
    (fp_line (start 1 -0.6) (end 1 0.6) (layer F.Fab) (width 0.1))
    (fp_line (start 1 0.6) (end -1 0.6) (layer F.Fab) (width 0.1))
    (fp_line (start -0.261252 -0.71) (end 0.261252 -0.71) (layer F.SilkS) (width 0.12))
    (fp_line (start -0.261252 0.71) (end 0.261252 0.71) (layer F.SilkS) (width 0.12))
    (fp_line (start -1.85 0.95) (end -1.85 -0.95) (layer F.CrtYd) (width 0.05))
    (fp_line (start -1.85 -0.95) (end 1.85 -0.95) (layer F.CrtYd) (width 0.05))
    (fp_line (start 1.85 -0.95) (end 1.85 0.95) (layer F.CrtYd) (width 0.05))
    (fp_line (start 1.85 0.95) (end -1.85 0.95) (layer F.CrtYd) (width 0.05))
    (fp_text user %R (at 0 0 90) (layer F.Fab)
      (effects (font (size 0.5 0.5) (thickness 0.08)))
    )
    (pad 1 smd roundrect (at -1.025 0 90) (size 1.15 1.4) (layers F.Cu F.Paste F.Mask) (roundrect_rratio 0.217391)
      (net 3 MISO))
    (pad 2 smd roundrect (at 1.025 0 90) (size 1.15 1.4) (layers F.Cu F.Paste F.Mask) (roundrect_rratio 0.217391)
      (net 10 "Net-(D2-Pad2)"))
    (model ${KISYS3DMOD}/Resistor_SMD.3dshapes/R_0805_2012Metric.wrl
      (at (xyz 0 0 0))
      (scale (xyz 1 1 1))
      (rotate (xyz 0 0 0))
    )
  )

  (module Resistor_SMD:R_0805_2012Metric_Pad1.15x1.40mm_HandSolder (layer F.Cu) (tedit 5D2081DC) (tstamp 5D230DD0)
    (at 153.543 113.538 180)
    (descr "Resistor SMD 0805 (2012 Metric), square (rectangular) end terminal, IPC_7351 nominal with elongated pad for handsoldering. (Body size source: https://docs.google.com/spreadsheets/d/1BsfQQcO9C6DZCsRaXUlFlo91Tg2WpOkGARC1WS5S8t0/edit?usp=sharing), generated with kicad-footprint-generator")
    (tags "resistor handsolder")
    (path /5CFFDB28)
    (attr smd)
    (fp_text reference R2 (at -2.413 0.635 180) (layer F.SilkS)
      (effects (font (size 0.6 0.6) (thickness 0.1)))
    )
    (fp_text value 220 (at -2.667 -0.381) (layer F.SilkS)
      (effects (font (size 0.6 0.6) (thickness 0.1)))
    )
    (fp_text user %R (at 0 0 180) (layer F.Fab)
      (effects (font (size 0.5 0.5) (thickness 0.08)))
    )
    (fp_line (start 1.85 0.95) (end -1.85 0.95) (layer F.CrtYd) (width 0.05))
    (fp_line (start 1.85 -0.95) (end 1.85 0.95) (layer F.CrtYd) (width 0.05))
    (fp_line (start -1.85 -0.95) (end 1.85 -0.95) (layer F.CrtYd) (width 0.05))
    (fp_line (start -1.85 0.95) (end -1.85 -0.95) (layer F.CrtYd) (width 0.05))
    (fp_line (start -0.261252 0.71) (end 0.261252 0.71) (layer F.SilkS) (width 0.12))
    (fp_line (start -0.261252 -0.71) (end 0.261252 -0.71) (layer F.SilkS) (width 0.12))
    (fp_line (start 1 0.6) (end -1 0.6) (layer F.Fab) (width 0.1))
    (fp_line (start 1 -0.6) (end 1 0.6) (layer F.Fab) (width 0.1))
    (fp_line (start -1 -0.6) (end 1 -0.6) (layer F.Fab) (width 0.1))
    (fp_line (start -1 0.6) (end -1 -0.6) (layer F.Fab) (width 0.1))
    (pad 2 smd roundrect (at 1.025 0 180) (size 1.15 1.4) (layers F.Cu F.Paste F.Mask) (roundrect_rratio 0.217391)
      (net 5 MOSI))
    (pad 1 smd roundrect (at -1.025 0 180) (size 1.15 1.4) (layers F.Cu F.Paste F.Mask) (roundrect_rratio 0.217391)
      (net 14 MOTOR_TTL))
    (model ${KISYS3DMOD}/Resistor_SMD.3dshapes/R_0805_2012Metric.wrl
      (at (xyz 0 0 0))
      (scale (xyz 1 1 1))
      (rotate (xyz 0 0 0))
    )
  )

  (module Resistor_SMD:R_0805_2012Metric_Pad1.15x1.40mm_HandSolder (layer F.Cu) (tedit 5D20822E) (tstamp 5D00160A)
    (at 159.258 115.57 180)
    (descr "Resistor SMD 0805 (2012 Metric), square (rectangular) end terminal, IPC_7351 nominal with elongated pad for handsoldering. (Body size source: https://docs.google.com/spreadsheets/d/1BsfQQcO9C6DZCsRaXUlFlo91Tg2WpOkGARC1WS5S8t0/edit?usp=sharing), generated with kicad-footprint-generator")
    (tags "resistor handsolder")
    (path /5CFFDB4E)
    (attr smd)
    (fp_text reference R3 (at 2.54 0.508 180) (layer F.SilkS)
      (effects (font (size 0.6 0.6) (thickness 0.1)))
    )
    (fp_text value 220 (at 2.794 -0.508 180) (layer F.SilkS)
      (effects (font (size 0.6 0.6) (thickness 0.1)))
    )
    (fp_line (start -1 0.6) (end -1 -0.6) (layer F.Fab) (width 0.1))
    (fp_line (start -1 -0.6) (end 1 -0.6) (layer F.Fab) (width 0.1))
    (fp_line (start 1 -0.6) (end 1 0.6) (layer F.Fab) (width 0.1))
    (fp_line (start 1 0.6) (end -1 0.6) (layer F.Fab) (width 0.1))
    (fp_line (start -0.261252 -0.71) (end 0.261252 -0.71) (layer F.SilkS) (width 0.12))
    (fp_line (start -0.261252 0.71) (end 0.261252 0.71) (layer F.SilkS) (width 0.12))
    (fp_line (start -1.85 0.95) (end -1.85 -0.95) (layer F.CrtYd) (width 0.05))
    (fp_line (start -1.85 -0.95) (end 1.85 -0.95) (layer F.CrtYd) (width 0.05))
    (fp_line (start 1.85 -0.95) (end 1.85 0.95) (layer F.CrtYd) (width 0.05))
    (fp_line (start 1.85 0.95) (end -1.85 0.95) (layer F.CrtYd) (width 0.05))
    (fp_text user %R (at 0 0 180) (layer F.Fab)
      (effects (font (size 0.5 0.5) (thickness 0.08)))
    )
    (pad 1 smd roundrect (at -1.025 0 180) (size 1.15 1.4) (layers F.Cu F.Paste F.Mask) (roundrect_rratio 0.217391)
      (net 17 "Net-(Q1-Pad1)"))
    (pad 2 smd roundrect (at 1.025 0 180) (size 1.15 1.4) (layers F.Cu F.Paste F.Mask) (roundrect_rratio 0.217391)
      (net 11 "Net-(D3-Pad1)"))
    (model ${KISYS3DMOD}/Resistor_SMD.3dshapes/R_0805_2012Metric.wrl
      (at (xyz 0 0 0))
      (scale (xyz 1 1 1))
      (rotate (xyz 0 0 0))
    )
  )

  (module Package_SO:SOIJ-8_5.3x5.3mm_P1.27mm (layer F.Cu) (tedit 5A02F2D3) (tstamp 5D001627)
    (at 146.05 120.015 180)
    (descr "8-Lead Plastic Small Outline (SM) - Medium, 5.28 mm Body [SOIC] (see Microchip Packaging Specification 00000049BS.pdf)")
    (tags "SOIC 1.27")
    (path /5CFFD1B8)
    (attr smd)
    (fp_text reference U1 (at 0 -1.27 180) (layer F.SilkS)
      (effects (font (size 1 1) (thickness 0.15)))
    )
    (fp_text value ATtiny45-20SU (at 0 3.68 180) (layer F.Fab)
      (effects (font (size 1 1) (thickness 0.15)))
    )
    (fp_text user %R (at 0 0 180) (layer F.Fab)
      (effects (font (size 1 1) (thickness 0.15)))
    )
    (fp_line (start -1.65 -2.65) (end 2.65 -2.65) (layer F.Fab) (width 0.15))
    (fp_line (start 2.65 -2.65) (end 2.65 2.65) (layer F.Fab) (width 0.15))
    (fp_line (start 2.65 2.65) (end -2.65 2.65) (layer F.Fab) (width 0.15))
    (fp_line (start -2.65 2.65) (end -2.65 -1.65) (layer F.Fab) (width 0.15))
    (fp_line (start -2.65 -1.65) (end -1.65 -2.65) (layer F.Fab) (width 0.15))
    (fp_line (start -4.75 -2.95) (end -4.75 2.95) (layer F.CrtYd) (width 0.05))
    (fp_line (start 4.75 -2.95) (end 4.75 2.95) (layer F.CrtYd) (width 0.05))
    (fp_line (start -4.75 -2.95) (end 4.75 -2.95) (layer F.CrtYd) (width 0.05))
    (fp_line (start -4.75 2.95) (end 4.75 2.95) (layer F.CrtYd) (width 0.05))
    (fp_line (start -2.75 -2.755) (end -2.75 -2.55) (layer F.SilkS) (width 0.15))
    (fp_line (start 2.75 -2.755) (end 2.75 -2.455) (layer F.SilkS) (width 0.15))
    (fp_line (start 2.75 2.755) (end 2.75 2.455) (layer F.SilkS) (width 0.15))
    (fp_line (start -2.75 2.755) (end -2.75 2.455) (layer F.SilkS) (width 0.15))
    (fp_line (start -2.75 -2.755) (end 2.75 -2.755) (layer F.SilkS) (width 0.15))
    (fp_line (start -2.75 2.755) (end 2.75 2.755) (layer F.SilkS) (width 0.15))
    (fp_line (start -2.75 -2.55) (end -4.5 -2.55) (layer F.SilkS) (width 0.15))
    (pad 1 smd rect (at -3.65 -1.905 180) (size 1.7 0.65) (layers F.Cu F.Paste F.Mask)
      (net 6 RST))
    (pad 2 smd rect (at -3.65 -0.635 180) (size 1.7 0.65) (layers F.Cu F.Paste F.Mask)
      (net 8 "Net-(C3-Pad2)"))
    (pad 3 smd rect (at -3.65 0.635 180) (size 1.7 0.65) (layers F.Cu F.Paste F.Mask)
      (net 9 "Net-(C4-Pad2)"))
    (pad 4 smd rect (at -3.65 1.905 180) (size 1.7 0.65) (layers F.Cu F.Paste F.Mask)
      (net 15 GND))
    (pad 5 smd rect (at 3.65 1.905 180) (size 1.7 0.65) (layers F.Cu F.Paste F.Mask)
      (net 5 MOSI))
    (pad 6 smd rect (at 3.65 0.635 180) (size 1.7 0.65) (layers F.Cu F.Paste F.Mask)
      (net 3 MISO))
    (pad 7 smd rect (at 3.65 -0.635 180) (size 1.7 0.65) (layers F.Cu F.Paste F.Mask)
      (net 4 SCK))
    (pad 8 smd rect (at 3.65 -1.905 180) (size 1.7 0.65) (layers F.Cu F.Paste F.Mask)
      (net 2 +5V))
    (model ${KISYS3DMOD}/Package_SO.3dshapes/SOIJ-8_5.3x5.3mm_P1.27mm.wrl
      (at (xyz 0 0 0))
      (scale (xyz 1 1 1))
      (rotate (xyz 0 0 0))
    )
  )

  (module Package_TO_SOT_SMD:SOT-23 (layer F.Cu) (tedit 5D2082FD) (tstamp 5D00163C)
    (at 156.845 124.46 270)
    (descr "SOT-23, Standard")
    (tags SOT-23)
    (path /5CFFD3ED)
    (attr smd)
    (fp_text reference U2 (at -0.889 2.286) (layer F.SilkS)
      (effects (font (size 0.6 0.6) (thickness 0.1)))
    )
    (fp_text value MCP1700-5002E_SOT23 (at 0 2.5 270) (layer F.Fab)
      (effects (font (size 1 1) (thickness 0.15)))
    )
    (fp_text user %R (at 0 0) (layer F.Fab)
      (effects (font (size 0.5 0.5) (thickness 0.075)))
    )
    (fp_line (start -0.7 -0.95) (end -0.7 1.5) (layer F.Fab) (width 0.1))
    (fp_line (start -0.15 -1.52) (end 0.7 -1.52) (layer F.Fab) (width 0.1))
    (fp_line (start -0.7 -0.95) (end -0.15 -1.52) (layer F.Fab) (width 0.1))
    (fp_line (start 0.7 -1.52) (end 0.7 1.52) (layer F.Fab) (width 0.1))
    (fp_line (start -0.7 1.52) (end 0.7 1.52) (layer F.Fab) (width 0.1))
    (fp_line (start 0.76 1.58) (end 0.76 0.65) (layer F.SilkS) (width 0.12))
    (fp_line (start 0.76 -1.58) (end 0.76 -0.65) (layer F.SilkS) (width 0.12))
    (fp_line (start -1.7 -1.75) (end 1.7 -1.75) (layer F.CrtYd) (width 0.05))
    (fp_line (start 1.7 -1.75) (end 1.7 1.75) (layer F.CrtYd) (width 0.05))
    (fp_line (start 1.7 1.75) (end -1.7 1.75) (layer F.CrtYd) (width 0.05))
    (fp_line (start -1.7 1.75) (end -1.7 -1.75) (layer F.CrtYd) (width 0.05))
    (fp_line (start 0.76 -1.58) (end -1.4 -1.58) (layer F.SilkS) (width 0.12))
    (fp_line (start 0.76 1.58) (end -0.7 1.58) (layer F.SilkS) (width 0.12))
    (pad 1 smd rect (at -1 -0.95 270) (size 0.9 0.8) (layers F.Cu F.Paste F.Mask)
      (net 15 GND))
    (pad 2 smd rect (at -1 0.95 270) (size 0.9 0.8) (layers F.Cu F.Paste F.Mask)
      (net 2 +5V))
    (pad 3 smd rect (at 1 0 270) (size 0.9 0.8) (layers F.Cu F.Paste F.Mask)
      (net 1 +6V))
    (model ${KISYS3DMOD}/Package_TO_SOT_SMD.3dshapes/SOT-23.wrl
      (at (xyz 0 0 0))
      (scale (xyz 1 1 1))
      (rotate (xyz 0 0 0))
    )
  )

  (module Connector_JST:JST_XH_S06B-XH-A-1_1x06_P2.50mm_Horizontal (layer F.Cu) (tedit 5B77520A) (tstamp 5D217982)
    (at 139.065 112.649 270)
    (descr "JST XH series connector, S06B-XH-A-1 (http://www.jst-mfg.com/product/pdf/eng/eXH.pdf), generated with kicad-footprint-generator")
    (tags "connector JST XH top entry")
    (path /5CFFF436)
    (fp_text reference J2 (at -1.905 0.635 270) (layer F.SilkS)
      (effects (font (size 1 1) (thickness 0.15)))
    )
    (fp_text value Conn_01x06_Male (at 6.25 8.8 270) (layer F.Fab)
      (effects (font (size 1 1) (thickness 0.15)))
    )
    (fp_line (start -2.95 -4.4) (end -2.95 8.1) (layer F.CrtYd) (width 0.05))
    (fp_line (start -2.95 8.1) (end 15.45 8.1) (layer F.CrtYd) (width 0.05))
    (fp_line (start 15.45 8.1) (end 15.45 -4.4) (layer F.CrtYd) (width 0.05))
    (fp_line (start 15.45 -4.4) (end -2.95 -4.4) (layer F.CrtYd) (width 0.05))
    (fp_line (start 6.25 7.71) (end -2.56 7.71) (layer F.SilkS) (width 0.12))
    (fp_line (start -2.56 7.71) (end -2.56 -4.01) (layer F.SilkS) (width 0.12))
    (fp_line (start -2.56 -4.01) (end -1.14 -4.01) (layer F.SilkS) (width 0.12))
    (fp_line (start -1.14 -4.01) (end -1.14 0.49) (layer F.SilkS) (width 0.12))
    (fp_line (start 6.25 7.71) (end 15.06 7.71) (layer F.SilkS) (width 0.12))
    (fp_line (start 15.06 7.71) (end 15.06 -4.01) (layer F.SilkS) (width 0.12))
    (fp_line (start 15.06 -4.01) (end 13.64 -4.01) (layer F.SilkS) (width 0.12))
    (fp_line (start 13.64 -4.01) (end 13.64 0.49) (layer F.SilkS) (width 0.12))
    (fp_line (start 6.25 7.6) (end -2.45 7.6) (layer F.Fab) (width 0.1))
    (fp_line (start -2.45 7.6) (end -2.45 -3.9) (layer F.Fab) (width 0.1))
    (fp_line (start -2.45 -3.9) (end -1.25 -3.9) (layer F.Fab) (width 0.1))
    (fp_line (start -1.25 -3.9) (end -1.25 0.6) (layer F.Fab) (width 0.1))
    (fp_line (start -1.25 0.6) (end 6.25 0.6) (layer F.Fab) (width 0.1))
    (fp_line (start 6.25 7.6) (end 14.95 7.6) (layer F.Fab) (width 0.1))
    (fp_line (start 14.95 7.6) (end 14.95 -3.9) (layer F.Fab) (width 0.1))
    (fp_line (start 14.95 -3.9) (end 13.75 -3.9) (layer F.Fab) (width 0.1))
    (fp_line (start 13.75 -3.9) (end 13.75 0.6) (layer F.Fab) (width 0.1))
    (fp_line (start 13.75 0.6) (end 6.25 0.6) (layer F.Fab) (width 0.1))
    (fp_line (start -0.25 1.6) (end -0.25 7.1) (layer F.SilkS) (width 0.12))
    (fp_line (start -0.25 7.1) (end 0.25 7.1) (layer F.SilkS) (width 0.12))
    (fp_line (start 0.25 7.1) (end 0.25 1.6) (layer F.SilkS) (width 0.12))
    (fp_line (start 0.25 1.6) (end -0.25 1.6) (layer F.SilkS) (width 0.12))
    (fp_line (start 2.25 1.6) (end 2.25 7.1) (layer F.SilkS) (width 0.12))
    (fp_line (start 2.25 7.1) (end 2.75 7.1) (layer F.SilkS) (width 0.12))
    (fp_line (start 2.75 7.1) (end 2.75 1.6) (layer F.SilkS) (width 0.12))
    (fp_line (start 2.75 1.6) (end 2.25 1.6) (layer F.SilkS) (width 0.12))
    (fp_line (start 4.75 1.6) (end 4.75 7.1) (layer F.SilkS) (width 0.12))
    (fp_line (start 4.75 7.1) (end 5.25 7.1) (layer F.SilkS) (width 0.12))
    (fp_line (start 5.25 7.1) (end 5.25 1.6) (layer F.SilkS) (width 0.12))
    (fp_line (start 5.25 1.6) (end 4.75 1.6) (layer F.SilkS) (width 0.12))
    (fp_line (start 7.25 1.6) (end 7.25 7.1) (layer F.SilkS) (width 0.12))
    (fp_line (start 7.25 7.1) (end 7.75 7.1) (layer F.SilkS) (width 0.12))
    (fp_line (start 7.75 7.1) (end 7.75 1.6) (layer F.SilkS) (width 0.12))
    (fp_line (start 7.75 1.6) (end 7.25 1.6) (layer F.SilkS) (width 0.12))
    (fp_line (start 9.75 1.6) (end 9.75 7.1) (layer F.SilkS) (width 0.12))
    (fp_line (start 9.75 7.1) (end 10.25 7.1) (layer F.SilkS) (width 0.12))
    (fp_line (start 10.25 7.1) (end 10.25 1.6) (layer F.SilkS) (width 0.12))
    (fp_line (start 10.25 1.6) (end 9.75 1.6) (layer F.SilkS) (width 0.12))
    (fp_line (start 12.25 1.6) (end 12.25 7.1) (layer F.SilkS) (width 0.12))
    (fp_line (start 12.25 7.1) (end 12.75 7.1) (layer F.SilkS) (width 0.12))
    (fp_line (start 12.75 7.1) (end 12.75 1.6) (layer F.SilkS) (width 0.12))
    (fp_line (start 12.75 1.6) (end 12.25 1.6) (layer F.SilkS) (width 0.12))
    (fp_line (start 0 -1.5) (end -0.3 -2.1) (layer F.SilkS) (width 0.12))
    (fp_line (start -0.3 -2.1) (end 0.3 -2.1) (layer F.SilkS) (width 0.12))
    (fp_line (start 0.3 -2.1) (end 0 -1.5) (layer F.SilkS) (width 0.12))
    (fp_line (start -0.625 0.6) (end 0 -0.4) (layer F.Fab) (width 0.1))
    (fp_line (start 0 -0.4) (end 0.625 0.6) (layer F.Fab) (width 0.1))
    (fp_text user %R (at 6.25 1.85 270) (layer F.Fab)
      (effects (font (size 1 1) (thickness 0.15)))
    )
    (pad 1 thru_hole roundrect (at 0 0 270) (size 1.7 1.95) (drill 0.95) (layers *.Cu *.Mask) (roundrect_rratio 0.147059)
      (net 3 MISO))
    (pad 2 thru_hole oval (at 2.5 0 270) (size 1.7 1.95) (drill 0.95) (layers *.Cu *.Mask)
      (net 2 +5V))
    (pad 3 thru_hole oval (at 5 0 270) (size 1.7 1.95) (drill 0.95) (layers *.Cu *.Mask)
      (net 4 SCK))
    (pad 4 thru_hole oval (at 7.5 0 270) (size 1.7 1.95) (drill 0.95) (layers *.Cu *.Mask)
      (net 5 MOSI))
    (pad 5 thru_hole oval (at 10 0 270) (size 1.7 1.95) (drill 0.95) (layers *.Cu *.Mask)
      (net 6 RST))
    (pad 6 thru_hole oval (at 12.5 0 270) (size 1.7 1.95) (drill 0.95) (layers *.Cu *.Mask)
      (net 15 GND))
    (model ${KISYS3DMOD}/Connector_JST.3dshapes/JST_XH_S06B-XH-A-1_1x06_P2.50mm_Horizontal.wrl
      (at (xyz 0 0 0))
      (scale (xyz 1 1 1))
      (rotate (xyz 0 0 0))
    )
  )

  (module Connector_JST:JST_XH_S06B-XH-A-1_1x06_P2.50mm_Horizontal (layer F.Cu) (tedit 5B77520A) (tstamp 5D01F0CF)
    (at 175.895 125.095 90)
    (descr "JST XH series connector, S06B-XH-A-1 (http://www.jst-mfg.com/product/pdf/eng/eXH.pdf), generated with kicad-footprint-generator")
    (tags "connector JST XH top entry")
    (path /5D01EE07)
    (fp_text reference J1 (at -2.413 0.381 90) (layer F.SilkS)
      (effects (font (size 1 1) (thickness 0.15)))
    )
    (fp_text value Conn_01x06_Male (at 6.25 8.8 90) (layer F.Fab)
      (effects (font (size 1 1) (thickness 0.15)))
    )
    (fp_line (start -2.95 -4.4) (end -2.95 8.1) (layer F.CrtYd) (width 0.05))
    (fp_line (start -2.95 8.1) (end 15.45 8.1) (layer F.CrtYd) (width 0.05))
    (fp_line (start 15.45 8.1) (end 15.45 -4.4) (layer F.CrtYd) (width 0.05))
    (fp_line (start 15.45 -4.4) (end -2.95 -4.4) (layer F.CrtYd) (width 0.05))
    (fp_line (start 6.25 7.71) (end -2.56 7.71) (layer F.SilkS) (width 0.12))
    (fp_line (start -2.56 7.71) (end -2.56 -4.01) (layer F.SilkS) (width 0.12))
    (fp_line (start -2.56 -4.01) (end -1.14 -4.01) (layer F.SilkS) (width 0.12))
    (fp_line (start -1.14 -4.01) (end -1.14 0.49) (layer F.SilkS) (width 0.12))
    (fp_line (start 6.25 7.71) (end 15.06 7.71) (layer F.SilkS) (width 0.12))
    (fp_line (start 15.06 7.71) (end 15.06 -4.01) (layer F.SilkS) (width 0.12))
    (fp_line (start 15.06 -4.01) (end 13.64 -4.01) (layer F.SilkS) (width 0.12))
    (fp_line (start 13.64 -4.01) (end 13.64 0.49) (layer F.SilkS) (width 0.12))
    (fp_line (start 6.25 7.6) (end -2.45 7.6) (layer F.Fab) (width 0.1))
    (fp_line (start -2.45 7.6) (end -2.45 -3.9) (layer F.Fab) (width 0.1))
    (fp_line (start -2.45 -3.9) (end -1.25 -3.9) (layer F.Fab) (width 0.1))
    (fp_line (start -1.25 -3.9) (end -1.25 0.6) (layer F.Fab) (width 0.1))
    (fp_line (start -1.25 0.6) (end 6.25 0.6) (layer F.Fab) (width 0.1))
    (fp_line (start 6.25 7.6) (end 14.95 7.6) (layer F.Fab) (width 0.1))
    (fp_line (start 14.95 7.6) (end 14.95 -3.9) (layer F.Fab) (width 0.1))
    (fp_line (start 14.95 -3.9) (end 13.75 -3.9) (layer F.Fab) (width 0.1))
    (fp_line (start 13.75 -3.9) (end 13.75 0.6) (layer F.Fab) (width 0.1))
    (fp_line (start 13.75 0.6) (end 6.25 0.6) (layer F.Fab) (width 0.1))
    (fp_line (start -0.25 1.6) (end -0.25 7.1) (layer F.SilkS) (width 0.12))
    (fp_line (start -0.25 7.1) (end 0.25 7.1) (layer F.SilkS) (width 0.12))
    (fp_line (start 0.25 7.1) (end 0.25 1.6) (layer F.SilkS) (width 0.12))
    (fp_line (start 0.25 1.6) (end -0.25 1.6) (layer F.SilkS) (width 0.12))
    (fp_line (start 2.25 1.6) (end 2.25 7.1) (layer F.SilkS) (width 0.12))
    (fp_line (start 2.25 7.1) (end 2.75 7.1) (layer F.SilkS) (width 0.12))
    (fp_line (start 2.75 7.1) (end 2.75 1.6) (layer F.SilkS) (width 0.12))
    (fp_line (start 2.75 1.6) (end 2.25 1.6) (layer F.SilkS) (width 0.12))
    (fp_line (start 4.75 1.6) (end 4.75 7.1) (layer F.SilkS) (width 0.12))
    (fp_line (start 4.75 7.1) (end 5.25 7.1) (layer F.SilkS) (width 0.12))
    (fp_line (start 5.25 7.1) (end 5.25 1.6) (layer F.SilkS) (width 0.12))
    (fp_line (start 5.25 1.6) (end 4.75 1.6) (layer F.SilkS) (width 0.12))
    (fp_line (start 7.25 1.6) (end 7.25 7.1) (layer F.SilkS) (width 0.12))
    (fp_line (start 7.25 7.1) (end 7.75 7.1) (layer F.SilkS) (width 0.12))
    (fp_line (start 7.75 7.1) (end 7.75 1.6) (layer F.SilkS) (width 0.12))
    (fp_line (start 7.75 1.6) (end 7.25 1.6) (layer F.SilkS) (width 0.12))
    (fp_line (start 9.75 1.6) (end 9.75 7.1) (layer F.SilkS) (width 0.12))
    (fp_line (start 9.75 7.1) (end 10.25 7.1) (layer F.SilkS) (width 0.12))
    (fp_line (start 10.25 7.1) (end 10.25 1.6) (layer F.SilkS) (width 0.12))
    (fp_line (start 10.25 1.6) (end 9.75 1.6) (layer F.SilkS) (width 0.12))
    (fp_line (start 12.25 1.6) (end 12.25 7.1) (layer F.SilkS) (width 0.12))
    (fp_line (start 12.25 7.1) (end 12.75 7.1) (layer F.SilkS) (width 0.12))
    (fp_line (start 12.75 7.1) (end 12.75 1.6) (layer F.SilkS) (width 0.12))
    (fp_line (start 12.75 1.6) (end 12.25 1.6) (layer F.SilkS) (width 0.12))
    (fp_line (start 0 -1.5) (end -0.3 -2.1) (layer F.SilkS) (width 0.12))
    (fp_line (start -0.3 -2.1) (end 0.3 -2.1) (layer F.SilkS) (width 0.12))
    (fp_line (start 0.3 -2.1) (end 0 -1.5) (layer F.SilkS) (width 0.12))
    (fp_line (start -0.625 0.6) (end 0 -0.4) (layer F.Fab) (width 0.1))
    (fp_line (start 0 -0.4) (end 0.625 0.6) (layer F.Fab) (width 0.1))
    (fp_text user %R (at 6.25 1.85 90) (layer F.Fab)
      (effects (font (size 1 1) (thickness 0.15)))
    )
    (pad 1 thru_hole roundrect (at 0 0 90) (size 1.7 1.95) (drill 0.95) (layers *.Cu *.Mask) (roundrect_rratio 0.147059)
      (net 1 +6V))
    (pad 2 thru_hole oval (at 2.5 0 90) (size 1.7 1.95) (drill 0.95) (layers *.Cu *.Mask)
      (net 15 GND))
    (pad 3 thru_hole oval (at 5 0 90) (size 1.7 1.95) (drill 0.95) (layers *.Cu *.Mask)
      (net 15 GND))
    (pad 4 thru_hole oval (at 7.5 0 90) (size 1.7 1.95) (drill 0.95) (layers *.Cu *.Mask)
      (net 16 SENSOR_IN))
    (pad 5 thru_hole oval (at 10 0 90) (size 1.7 1.95) (drill 0.95) (layers *.Cu *.Mask)
      (net 15 GND))
    (pad 6 thru_hole oval (at 12.5 0 90) (size 1.7 1.95) (drill 0.95) (layers *.Cu *.Mask)
      (net 7 MOTOR_IN))
    (model ${KISYS3DMOD}/Connector_JST.3dshapes/JST_XH_S06B-XH-A-1_1x06_P2.50mm_Horizontal.wrl
      (at (xyz 0 0 0))
      (scale (xyz 1 1 1))
      (rotate (xyz 0 0 0))
    )
  )

  (module Capacitor_SMD:C_0805_2012Metric_Pad1.15x1.40mm_HandSolder (layer F.Cu) (tedit 5D208351) (tstamp 5D215FC9)
    (at 142.24 125.095 270)
    (descr "Capacitor SMD 0805 (2012 Metric), square (rectangular) end terminal, IPC_7351 nominal with elongated pad for handsoldering. (Body size source: https://docs.google.com/spreadsheets/d/1BsfQQcO9C6DZCsRaXUlFlo91Tg2WpOkGARC1WS5S8t0/edit?usp=sharing), generated with kicad-footprint-generator")
    (tags "capacitor handsolder")
    (path /5D208AD6)
    (attr smd)
    (fp_text reference C3 (at 2.413 0.508 270) (layer F.SilkS)
      (effects (font (size 0.6 0.6) (thickness 0.1)))
    )
    (fp_text value 22pF (at 2.413 -0.508 270) (layer F.SilkS)
      (effects (font (size 0.6 0.6) (thickness 0.1)))
    )
    (fp_line (start -1 0.6) (end -1 -0.6) (layer F.Fab) (width 0.1))
    (fp_line (start -1 -0.6) (end 1 -0.6) (layer F.Fab) (width 0.1))
    (fp_line (start 1 -0.6) (end 1 0.6) (layer F.Fab) (width 0.1))
    (fp_line (start 1 0.6) (end -1 0.6) (layer F.Fab) (width 0.1))
    (fp_line (start -0.261252 -0.71) (end 0.261252 -0.71) (layer F.SilkS) (width 0.12))
    (fp_line (start -0.261252 0.71) (end 0.261252 0.71) (layer F.SilkS) (width 0.12))
    (fp_line (start -1.85 0.95) (end -1.85 -0.95) (layer F.CrtYd) (width 0.05))
    (fp_line (start -1.85 -0.95) (end 1.85 -0.95) (layer F.CrtYd) (width 0.05))
    (fp_line (start 1.85 -0.95) (end 1.85 0.95) (layer F.CrtYd) (width 0.05))
    (fp_line (start 1.85 0.95) (end -1.85 0.95) (layer F.CrtYd) (width 0.05))
    (fp_text user %R (at 0 0 270) (layer F.Fab)
      (effects (font (size 0.5 0.5) (thickness 0.08)))
    )
    (pad 1 smd roundrect (at -1.025 0 270) (size 1.15 1.4) (layers F.Cu F.Paste F.Mask) (roundrect_rratio 0.217391)
      (net 15 GND))
    (pad 2 smd roundrect (at 1.025 0 270) (size 1.15 1.4) (layers F.Cu F.Paste F.Mask) (roundrect_rratio 0.217391)
      (net 8 "Net-(C3-Pad2)"))
    (model ${KISYS3DMOD}/Capacitor_SMD.3dshapes/C_0805_2012Metric.wrl
      (at (xyz 0 0 0))
      (scale (xyz 1 1 1))
      (rotate (xyz 0 0 0))
    )
  )

  (module Capacitor_SMD:C_0805_2012Metric_Pad1.15x1.40mm_HandSolder (layer F.Cu) (tedit 5D20839E) (tstamp 5D215FDA)
    (at 153.035 121.285 270)
    (descr "Capacitor SMD 0805 (2012 Metric), square (rectangular) end terminal, IPC_7351 nominal with elongated pad for handsoldering. (Body size source: https://docs.google.com/spreadsheets/d/1BsfQQcO9C6DZCsRaXUlFlo91Tg2WpOkGARC1WS5S8t0/edit?usp=sharing), generated with kicad-footprint-generator")
    (tags "capacitor handsolder")
    (path /5D208B49)
    (attr smd)
    (fp_text reference C4 (at -2.413 0.635 90) (layer F.SilkS)
      (effects (font (size 0.6 0.6) (thickness 0.1)))
    )
    (fp_text value 22pF (at -2.921 -0.381 270) (layer F.SilkS)
      (effects (font (size 0.6 0.6) (thickness 0.1)))
    )
    (fp_text user %R (at 0 0 270) (layer F.Fab)
      (effects (font (size 0.5 0.5) (thickness 0.08)))
    )
    (fp_line (start 1.85 0.95) (end -1.85 0.95) (layer F.CrtYd) (width 0.05))
    (fp_line (start 1.85 -0.95) (end 1.85 0.95) (layer F.CrtYd) (width 0.05))
    (fp_line (start -1.85 -0.95) (end 1.85 -0.95) (layer F.CrtYd) (width 0.05))
    (fp_line (start -1.85 0.95) (end -1.85 -0.95) (layer F.CrtYd) (width 0.05))
    (fp_line (start -0.261252 0.71) (end 0.261252 0.71) (layer F.SilkS) (width 0.12))
    (fp_line (start -0.261252 -0.71) (end 0.261252 -0.71) (layer F.SilkS) (width 0.12))
    (fp_line (start 1 0.6) (end -1 0.6) (layer F.Fab) (width 0.1))
    (fp_line (start 1 -0.6) (end 1 0.6) (layer F.Fab) (width 0.1))
    (fp_line (start -1 -0.6) (end 1 -0.6) (layer F.Fab) (width 0.1))
    (fp_line (start -1 0.6) (end -1 -0.6) (layer F.Fab) (width 0.1))
    (pad 2 smd roundrect (at 1.025 0 270) (size 1.15 1.4) (layers F.Cu F.Paste F.Mask) (roundrect_rratio 0.217391)
      (net 9 "Net-(C4-Pad2)"))
    (pad 1 smd roundrect (at -1.025 0 270) (size 1.15 1.4) (layers F.Cu F.Paste F.Mask) (roundrect_rratio 0.217391)
      (net 15 GND))
    (model ${KISYS3DMOD}/Capacitor_SMD.3dshapes/C_0805_2012Metric.wrl
      (at (xyz 0 0 0))
      (scale (xyz 1 1 1))
      (rotate (xyz 0 0 0))
    )
  )

  (module LED_SMD:LED_0805_2012Metric_Pad1.15x1.40mm_HandSolder (layer F.Cu) (tedit 5D208973) (tstamp 5D49F6ED)
    (at 147.32 111.76 90)
    (descr "LED SMD 0805 (2012 Metric), square (rectangular) end terminal, IPC_7351 nominal, (Body size source: https://docs.google.com/spreadsheets/d/1BsfQQcO9C6DZCsRaXUlFlo91Tg2WpOkGARC1WS5S8t0/edit?usp=sharing), generated with kicad-footprint-generator")
    (tags "LED handsolder")
    (path /5D20691B)
    (attr smd)
    (fp_text reference D2 (at -2.54 0 180) (layer F.SilkS)
      (effects (font (size 0.6 0.6) (thickness 0.1)))
    )
    (fp_text value IN (at 2.413 0 180) (layer F.SilkS)
      (effects (font (size 0.6 0.6) (thickness 0.1)))
    )
    (fp_text user %R (at 0 0 90) (layer F.Fab)
      (effects (font (size 0.5 0.5) (thickness 0.08)))
    )
    (fp_line (start 1.85 0.95) (end -1.85 0.95) (layer F.CrtYd) (width 0.05))
    (fp_line (start 1.85 -0.95) (end 1.85 0.95) (layer F.CrtYd) (width 0.05))
    (fp_line (start -1.85 -0.95) (end 1.85 -0.95) (layer F.CrtYd) (width 0.05))
    (fp_line (start -1.85 0.95) (end -1.85 -0.95) (layer F.CrtYd) (width 0.05))
    (fp_line (start -1.86 0.96) (end 1 0.96) (layer F.SilkS) (width 0.12))
    (fp_line (start -1.86 -0.96) (end -1.86 0.96) (layer F.SilkS) (width 0.12))
    (fp_line (start 1 -0.96) (end -1.86 -0.96) (layer F.SilkS) (width 0.12))
    (fp_line (start 1 0.6) (end 1 -0.6) (layer F.Fab) (width 0.1))
    (fp_line (start -1 0.6) (end 1 0.6) (layer F.Fab) (width 0.1))
    (fp_line (start -1 -0.3) (end -1 0.6) (layer F.Fab) (width 0.1))
    (fp_line (start -0.7 -0.6) (end -1 -0.3) (layer F.Fab) (width 0.1))
    (fp_line (start 1 -0.6) (end -0.7 -0.6) (layer F.Fab) (width 0.1))
    (pad 2 smd roundrect (at 1.025 0 90) (size 1.15 1.4) (layers F.Cu F.Paste F.Mask) (roundrect_rratio 0.217391)
      (net 10 "Net-(D2-Pad2)"))
